% Data for 118 BUS Test System
% Zineb GAAROUSSI : PhD Student at EMI / Rabat 
% Rachid ELLAIA : Supervisor

global Pd;
global coef_cout;
global limits;
global coef_emission;
global poz_limit


% Total demand in MW
Pd = 3668; 

% Cost coefficients with Valve point effect
% a ($/h)
% b ($/MWh)
% c ($/MW2h)
% d ($/h)  (valve point effect coefficient)
% e (rad/MW) (valve point effect coefficient)

coef_cout = [...
    0 0 0 0 0 0 0 0 0 0 0 0 0 0 0 0 0 0 0
    1.8180 5.4050 3.1250 2.4150 9.3460 8.4030 3.2890 6.7570 3.9220 3.8460 2.0370 2.0320 1.2420 1.7330 9.6150 1.4140 2.8410 7.4130 7.3530
    0.0018 0.0054 0.0031 0.0024 0.0093 0.0084 0.0033 0.0068 0.0039 0.0038 0.0020 0.0020 0.0012 0.0017 0.0096 0.0014 0.0028 0.0071 0.0074
    200 200 200 250 220 200 300 300 300 300 300 300 400 400 400 400 400 400 400
    0.084 0.084 0.084 0.063 0.077 0.084 0.042 0.042 0.042 0.042 0.042 0.042 0.035 0.035 0.035 0.035 0.035 0.035 0.035 

];



% Generator capacity limits Pmin (MW), Pmax (MW)
limits = [...
    100 900
    50 500
    10 90
    30 300
    40 400
    1 10
    3 23
    30 240
    5 50
    20 200
    20 200
    90 400
    90 400
    50 600
    1 5
    50 700
    30 300
    5 50
    4 40

];



% Emission coefficient
% alpha (lb/h)
% beta (lb/MWh)
% gamma (lb/MW2h)
% nu (lb/h)
% xeta (1/MW)

coef_emission = [...
    0.016 0.011 0.013 0.012 0.009 0.010 0.020 0.011 0.015 0.015 0.018 0.019 0.012 0.033 0.006 0.018 0.018 0.011 0.011
    -1.500 -1.040 -1.249 -1.355 -1.100 -1.110 -1.900 -1.140 -1.401 -1.401 -1.800 -2.000 -1.360 -2.100 -0.094 -1.800 -1.810 -1.140 -1.140
    23.333 68.828 22.050 22.983 20.001 40.313 21.313 60.828 23.001 23.001 24.003 25.121 22.990 27.010 19.584 25.101 24.313 60.828 60.828
   
];


% POZ constraints 

poz_limit = {...
    [200 300] [550 650] [725 825]
    [125 150] [250 300] [425 450]
    [20 30] [45 55] [70 80]
    [50 100] [175 200] [250 275]
    [50 100] [125 150] [350 375]
    [0 0] [0 0] [0 0]
    [4 6] [10 12] [10 12]
    [60 80] [120 140] [190 200]
    [10 20] [25 30] [40 45]
    [40 60] [80 100] [150 160]
    [50 60] [90 110] [160 180]
    [120 170] [200 225] [325 350]
    [100 150] [175 200] [300 325]
    [170 220] [350 400] [450 550]
    [0 0] [0 0] [0 0]
    [110 210] [350 450] [550 650]
    [50 100] [125-150] [225 250]
    [10 15] [25 30] [25 30]
    [10 15] [20 25] [20 25]
    
    };
    


