% Data for five unit system
% Zineb GAAROUSSI : PhD Student at EMI / Rabat 
% Rachid ELLAIA : Supervisor


% Demand in MW
demand = [410 435 475 530 558 608 626 654 690 704 720 740 704 690 654 580 558 608 654 704 680 605 527 463];

% Cost coefficients with Valve point effect
% a ($/h)
% b ($/MWh)
% c ($/MW2h)
% d ($/h)  (valve point effect coefficient)
% e (rad/MW) (valve point effect coefficient)

cost_coefficient=[... 
   80 50 60 45 30 
   -0.805 -0.555 -1.355 -0.600 -0.555
   0.0180 0.0150 0.0105 0.0080 0.0120
   0.6550 0.5773 0.4968 0.4860 0.5035
   0.02846 0.02446 0.02270 0.01948 0.02075
   
];



% Generator capacity limits Pmin (MW), Pmax (MW)
capacity_limit = [...
10 75
20 125
30 175
40 250
50 300

];


% ramp rate  constraints
% UR (MW/h)  DR(MW/h)
ramp_rate = [...
30 30
30 30
40 40
50 50
50 50

];




% Emission coefficient
% alpha (lb/h)
% beta (lb/MWh)
% gamma (lb/MW2h)
% nu (lb/h)
% xeta (1/MW)

emission_coefficient = [...
    80 50 60 45 30
    -0.805 -0.555 -1.355 -0.600 -0.555
    0.0180 0.0150 0.0105 0.0080 0.0120 
    0.6550 0.5773 0.4968 0.4860 0.5035
    0.02846 0.02446 0.02270 0.01948 0.02075
   
];








% B losses coefficients
Bmn=[...
0.000049 0.000014 0.000015 0.000015 0.000020
0.000014 0.000045 0.000016 0.000020 0.000018
0.000015 0.000016 0.000039 0.000010 0.000012
0.000015 0.000020 0.000010 0.000040 0.000014
0.000020 0.000018 0.000012 0.000014 0.000035
];



% Bmn = [...
%     
% 0.1382 -0.0299 0.0044 -0.0022 -0.0010 -0.0008
% -0.0299 0.0487 -0.0025 0.0004 0.0016 0.0041
% 0.0044 -0.0025 0.0182 -0.0070 -0.0066 -0.0066
% -0.0022 0.0004 -0.0070 0.0137 0.0050 0.0033
% -0.0010 0.0016 -0.0066 0.0050 0.0109 0.0005
% -0.0008 0.0041 -0.0066 0.0033 0.0005 0.0244
% 
%     ];




