% Data for 10 unit system
% Zineb GAAROUSSI : PhD Student at EMI / Rabat
% Rachid ELLAIA : Supervisor



% Demand in MW
demand = [1036 1110 1258 1406 1480 1628 1702 1776 1924 2022 2106 2150 2072 1924 1776 1554 1480 1628 1776 1972 1924 1628 1332 1184];
    
% Cost coefficients with Valve point effect
% a ($/h)
% b ($/MWh)
% c ($/MW2h)
% d ($/h)  (valve point effect coefficient)
% e (rad/MW) (valve point effect coefficient)

cost_coefficient=[...
   786.7988 451.3251 1049.9977 1243.5311 1658.5696 1356.6592 1450.7045 1450.7045 1455.6056 1469.4026
   38.5397 46.1591 40.3965 38.3055 36.3278 38.2704 36.5104 36.5104 39.5804 40.5407
   0.1524 0.1058 0.0280 0.0354 0.0211 0.0179 0.0121 0.0121 0.1090 0.1295
   450 600 320 260 280 310 300 340 270 380
    0.041 0.036 0.028 0.052 0.063 0.048 0.086 0.082 0.098 0.094

];




% Generator capacity limits Pmin (MW), Pmax (MW)
capacity_limit = [...
150 470
135 470
73 340
60 300
73 243
57 160
20 130
47 120
20 80
10 55

];




% ramp rate  constraints
% UR (MW/h)  DR(MW/h)
ramp_rate = [...
80 80
80 80
80 80
50 50
50 50
50 50
30 30
30 30
30 30
30 30

];




% Emission coefficient
% alpha (lb/h)
% beta (lb/MWh)
% gamma (lb/MW2h)
% nu (lb/h)
% xeta (1/MW)

emission_coefficient = [...
103.3908 103.3908 300.3910 300.3910 320.0006 320.0006 330.0056 330.0056 350.0056 360.0012
-2.4444 -2.4444 -4.0695 -4.0695 -3.8132 -3.8132 -3.9023 -3.9023 -3.9524 -3.9864
0.0312 0.0312 0.0509 0.0509 0.0344 0.0344 0.0465 0.0465 0.0465 0.0470
0.5035 0.5035 0.4968 0.4968 0.4972 0.4972 0.5163 0.5163 0.5475 0.5475
0.0207 0.0207 0.0202 0.0202 0.0200 0.0200 0.0214 0.0214 0.0234 0.0234

];



% B losses coefficients
Bmn=[...
0.000049 0.000014 0.000015 0.000015 0.000016 0.000017 0.000017 0.000018 0.000019 0.000020
0.000014 0.000045 0.000016 0.000016 0.000017 0.000015 0.000015 0.000016 0.000018 0.000018
0.000015 0.000016 0.000039 0.000010 0.000012 0.000012 0.000014 0.000014 0.000016 0.000016
0.000015 0.000016 0.000010 0.000040 0.000014 0.000010 0.000011 0.000012 0.000014 0.000015
0.000016 0.000017 0.000012 0.000014 0.000035 0.000011 0.000013 0.000013 0.000015 0.000016
0.000017 0.000015 0.000012 0.000010 0.000011 0.000036 0.000012 0.000012 0.000014 0.000015
0.000017 0.000015 0.000014 0.000011 0.000013 0.000012 0.000038 0.000016 0.000016 0.000018
0.000018 0.000016 0.000014 0.000012 0.000013 0.000012 0.000016 0.000040 0.000015 0.000016
0.000019 0.000018 0.000016 0.000014 0.000015 0.000014 0.000016 0.000015 0.000042 0.000019
0.000020 0.000018 0.000016 0.000015 0.000016 0.000015 0.000018 0.000016 0.000019 0.000044
];



% POZ constraints
poz_limit = {...
[180 200] [300 320] [440 460]
[165 175] [290 310] [420 435]
[80 95] [250 270] [320 330]
[70 80] [150 170] [250 260]
[75 85] [120 130] [220 230]
[60 70] [110 120] [140 150]
[30 40] [70 90] [115 120]
[50 60] [90 100] [110 115]
[20 25] [30 35] [45 50]
[10 15] [18 20] [30 35]


};
